 0   0   0   0   0   0   0   0   0   0   0   0   0   0   0   0   0   0   0   0 
  0   0   0   0   0   0   0   0   0   0   0   0   0   0   0   0   0   0   0   0 
  0   0   0   0   0   0   0   0   0   0   0   0   0   0   0   0   0   0   0   0 
  0   0   0   0   0   0   0   0   0   0   0   0   0   0   0   0   0   0   0   0 
  0   0   0   0   0   0   0   0   0   0   0   0   0   0   0   0   0   0   0   0 
 13   0   0   0   0   0   1   0   0   0   0   0   4  14   1   0   0   0   0  46 
 16   0   0   0   0   2   7   0   1   2   0   4   5  11   1   0   0   0   0  14 
 10   1   1   1   0   3   0   0   8   0   0   1   2   4   3   0   0   0   0   9 
 20   0   0   1   0   1   0   1   0   0   0   0   0   0   0   0   0   0   0  11 
 16   0   0   2   0   1   0   0   0   0   0   0   0   0   0   0   0   0   0   5 
  8   0   0   0   0   0   0   0   1   0   0   0   0   0   0   0   0   0   0   6 
 24   0   0   0   0   0   0   1   0   0   2   4   0   1   0   0   0   0   0   1 
 26   1   0   0   1   4   2   2   0   3   9   1  18   5   2   8   0   1   0   3 
 98   2   0   1   7  52  23  11   4   1   5   0   0   0   0   0   0   0   0  12 
 26   0   0   0   1  14   0   0   0   0   0   0   0   0   0   0   0   0   0   9 
 31   0   0   0   1   4   1   0   0   0   0   0   0   0   0   0   0   0   0  18 
 27   0   2   1   0  13  12   4   1   1   0   0   1   0   0   0   0   0   0  24 
 44   0   0   0   5   1  14   7   0   0   2   1   1   0   0   2   0   0   0  47 
957   0   0   8   0  15   8   0   2   0   2   3   0   3   6   0   4   0   0 126 
 79   0   0   0   0   0   1   0   0   0   0   1   0  24   1   0   0   0   0  13 